1706.891235,1706.891235
1707.004883,1706.902588
1709.937134,1707.206055
1717.547485,1708.240234
1674.419922,1704.858154
1683.945435,1702.766846
1692.179199,1701.708130
1665.507324,1698.088013
1625.788452,1690.858032
1653.623413,1687.134521
1943.211548,1712.742188
1937.911499,1735.259155
1962.030273,1757.936279
1971.018066,1779.244507
1936.967163,1795.016724
1956.710938,1811.186157
1905.602051,1820.627686
1923.163940,1830.881348
1952.848633,1843.078125
1901.918945,1848.962158
925.225098,1756.588501
932.885559,1674.218262
930.949402,1599.891357
959.077698,1535.809937
881.154358,1470.344360
927.535950,1416.063477
920.199768,1366.477051
928.540344,1322.683350
908.743835,1281.289429
912.493347,1244.409790
1914.332397,1311.402100
1926.845337,1372.946411
1905.041626,1426.155884
1772.313110,1460.771606
1889.064453,1503.600830
1823.226929,1535.563477
1879.116577,1569.918823
1870.227173,1599.949707
1904.278320,1630.382568
1947.089966,1662.053345
1113.921387,1607.240112
1102.748657,1556.791016
1107.175171,1511.829468
1078.797485,1468.526245
1056.718384,1427.345459
1069.783813,1391.589355
1072.211792,1359.651611
1091.967773,1332.883179
1075.401855,1307.135010
1085.515991,1284.973145
899.517517,1246.427612
948.873840,1216.672241
882.455261,1183.250488
914.033630,1156.328857
887.600586,1129.456055
881.455261,1104.656006
885.938293,1082.784180
878.052795,1062.311035
907.729797,1046.852905
864.158142,1028.583374
1073.984253,1033.123413
1041.041626,1033.915283
1037.856934,1034.309448
1052.521118,1036.130615
1045.212402,1037.038818
1035.877075,1036.922607
1030.372803,1036.267578
1057.265747,1038.367432
1043.365601,1038.867188
1013.317871,1036.312256
1246.577515,1057.338745
1199.536011,1071.558472
1132.926147,1077.695190
1154.387695,1085.364502
1139.435059,1090.771606
1158.075195,1097.501953
1108.550537,1098.606812
1107.201294,1099.466309
1081.442993,1097.663940
1098.767944,1097.774292
1070.038208,1095.000732
1066.180908,1092.118774
1056.041870,1088.511108
1035.959961,1083.255981
1021.652161,1077.095581
1017.452942,1071.131348
998.563049,1063.874512
974.888672,1054.975952
989.044922,1048.382812
958.335510,1039.378052
555.596619,990.999878
537.723938,945.672302
535.239380,904.629028
532.903992,867.456543
523.064331,833.017334
505.884277,800.304016
489.133911,769.187012
480.362335,740.304565
486.535889,714.927673
486.538574,692.088745
542.065918,677.086487
535.571960,662.935059
519.136658,648.555237
507.649994,634.464722
514.027039,622.420959
487.073608,608.886230
471.521393,595.149719
461.123566,581.747131
460.802460,569.652649
431.229950,555.810364
427.299286,542.959229
430.155914,531.678894
391.742798,517.685303
384.346924,504.351471
368.610474,490.777374
350.870819,476.786713
381.212524,467.229309
405.221069,461.028473
332.396820,448.165314
301.008453,433.449615
290.044769,419.109131
257.578339,402.956055
250.786438,387.739105
237.684402,372.733643
210.820877,356.542358
208.485962,341.736725
191.907303,326.753784
201.780151,314.256409
190.323242,301.863098
214.230942,293.099884
274.629517,291.252838
253.259964,287.453552
264.579254,285.166138
244.365479,281.086060
240.717972,277.049255
209.650253,270.309357
224.155319,265.693939
207.796753,259.904236
187.323807,252.646194
167.248230,244.106400
302.335663,249.929321
311.865021,256.122894
319.871613,262.497772
251.721970,261.420197
244.434250,259.721588
208.066223,254.556046
198.987122,248.999146
179.953171,242.094543
178.411209,235.726212
172.653198,229.418915
104.704445,216.947464
123.996002,207.652313
90.643097,195.951385
101.157684,186.472015
60.015503,173.826370
55.369068,161.980637
84.804939,154.263062
45.675755,143.404327
42.997845,133.363678
39.055557,123.932869
33.030514,114.842636
41.646061,107.522980
31.599676,99.930649
24.826071,92.420189
29.319807,86.110153
29.772760,80.476418
32.536419,75.682419
29.112122,71.025391
20.780497,66.000900
16.796495,61.080460
22.361990,57.208614
22.547363,53.742489
34.741734,51.842415
39.792858,50.637459
19.950155,47.568729
13.615875,44.173443
11.804272,40.936527
12.109077,38.053783
17.901125,36.038517
28.190264,35.253693
18.444227,33.572746
20.785128,32.293983
18.202312,30.884817
15.756103,29.371946
14.777863,27.912539
17.625488,26.883833
29.446318,27.140081
9.972957,25.423368
18.473066,24.728338
49.925995,27.248104
13.001279,25.823421
19.746916,25.215771
91.111610,31.805355
9.462823,29.571102
12.647164,27.878708
18.254391,26.916277
32.296532,27.454302
47.858658,29.494738
13.092476,27.854511
19.486761,27.017736
14.636493,25.779612
15.042320,24.705883
17.694582,24.004753
12.424282,22.846706
10.199713,21.582006
9.013733,20.325180
5.864264,18.879089
9.840196,17.975201
21.515524,18.329233
4.856205,16.981930
21.452127,17.428949
7.396772,16.425732
11.571593,15.940318
4.703349,14.816621
6.406243,13.975583
7.569726,13.334997
17.721689,13.773666
30.270517,15.423351
99.733589,23.854376
18.644545,23.333393
3.044977,21.304552
13.038632,20.477961
54.586666,23.888832
34.564548,24.956404
15.589538,24.019716
5.626314,22.180376
5.290138,20.491352
16.314825,20.073700
6.293924,18.695723
2.786790,17.104830
13.240146,16.718361
11.413319,16.187857
30.456430,17.614714
3.579113,16.211153
138.714172,28.461454
15.896576,27.204967
15.798354,26.064306
72.114311,30.669308
16.680933,29.270470
9.306425,27.274065
26.247559,27.171413
10.542918,25.508564
17.355749,24.693283
4.191195,22.643074
13.107459,21.689512
18.206892,21.341249
2.075250,19.414650
9.716813,18.444866
14.966450,18.097025
59.138580,22.201181
22.626669,22.243731
12.451077,21.264465
10.259430,20.163961
3.242713,18.471836
4.431034,17.067757
42.169666,19.577948
6.322109,18.252363
8.238861,17.251013
12.761931,16.802105
3.517582,15.473653
15.290391,15.455327
27.882269,16.698021
24.087622,17.436981
31.026068,18.795891
68.858612,23.802162
32.318295,24.653776
3.018365,22.490234
29.057940,23.147005
2.630475,21.095352
51.982235,24.184040
8.223392,22.587975
11.240666,21.453243
3.350384,19.642958
5.546757,18.233337
3.272909,16.737295
7.318146,15.795381
4.912241,14.707067
25.837103,15.820070
3.234285,14.561492
4.666790,13.572021
4.214402,12.636259
8.176247,12.190258
3.117719,11.283004
3.620609,10.516765
10.707334,10.535822
31.999237,12.682163
6.993027,12.113250
21.550543,13.056979
12.876213,13.038902
44.880268,16.223040
10.837312,15.684467
13.071678,15.423188
13.189278,15.199797
2.904725,13.970289
26.949928,15.268253
19.756252,15.717053
3.052400,14.450588
42.258659,17.231396
13.655235,16.873779
12.280581,16.414459
4.029052,15.175919
11.705250,14.828852
5.605714,13.906538
6.470595,13.162944
10.475749,12.894224
8.509366,12.455738
5.547375,11.764902
5.241864,11.112598
4.314905,10.432829
2.806526,9.670198
35.723049,12.275483
23.813599,13.429295
3.933990,12.479764
3.067847,11.538572
2.837225,10.668438
50.635468,14.665141
4.132541,13.611881
8.692712,13.119965
22.519279,14.059896
7.622081,13.416115
12.552049,13.329708
2.481740,12.244911
22.755293,13.295949
13.869933,13.353348
4.256271,12.443640
8.537692,12.053045
6.419401,11.489681
15.146035,11.855316
3.706564,11.040441
43.193573,14.255754
3.288315,13.159010
9.316690,12.774778
12.416477,12.738948
64.030281,17.868082
8.068541,16.888128
3.105059,15.509821
2.947546,14.253593
17.612829,14.589517
4.122464,13.542811
19.719820,14.160512
7.798719,13.524333
15.379051,13.709805
32.710033,15.609827
5.913442,14.640188
5.361206,13.712290
3.842782,12.725339
4.385645,11.891370
6.456686,11.347901
23.872515,12.600363
13.581676,12.698494
1.482854,11.576930
2.629562,10.682193
4.223841,10.036358
1.831332,9.215856
2.803211,8.574591
2.314405,7.948572
1.817651,7.335480
11.276733,7.729606
11.122479,8.068893
2.332151,7.495219
9.358086,7.681506
4.509817,7.364337
2.584707,6.886374
6.467068,6.844443
8.474375,7.007436
1.916286,6.498321
18.420471,7.690536
9.296184,7.851101
16.575092,8.723500
3.978616,8.249012
29.222761,10.346387
30.676554,12.379404
2.735814,11.415045
8.376970,11.111238
7.921158,10.792230
10.897748,10.802781
1.595698,9.882072
1.745566,9.068421
12.563412,9.417920
5.754609,9.051589
11.006818,9.247112
1.211603,8.443562
5.306373,8.129843
7.979532,8.114812
3.770291,7.680360
1.719185,7.084242
1.960621,6.571880
9.021562,6.816848
3.763685,6.511532
77.006218,13.561001
8.598496,13.064751
4.503918,12.208668
2.168994,11.204700
10.429183,11.127149
2.995160,10.313950
1.782744,9.460829
58.985779,14.413323
6.108625,13.582853
7.354653,12.960033
2.818825,11.945912
13.176327,12.068954
55.795437,16.441603
9.250525,15.722495
10.676044,15.217850
4.117076,14.107773
2.119552,12.908951
4.627986,12.080854
1.517918,11.024561
1.726377,10.094743
1.994318,9.284700
5.246527,8.880883
4.414561,8.434251
22.296288,9.820455
2.730534,9.111463
14.500529,9.650370
7.924868,9.477819
3.702264,8.900264
59.783024,13.988540
2.966027,12.886289
2.735045,11.871164
1.484493,10.832498
25.454470,12.294695
1.954250,11.260651
3.540675,10.488653
3.705139,9.810302
2.518584,9.081130
5.489199,8.721937
12.804333,9.130177
19.974064,10.214565
2.305361,9.423645
89.742981,17.455578
3.268575,16.036877
23.903051,16.823494
9.936658,16.134809
17.935217,16.314850
4.627450,15.146110
2.162505,13.847749
5.954463,13.058420
2.658205,12.018398
3.676821,11.184240
41.036194,14.169436
37.025585,16.455051
3.583020,15.167849
2.585129,13.909576
6.539259,13.172544
1.184916,11.973782
1.332970,10.909700
15.491734,11.367904
1.541828,10.385296
35.944248,12.941191
11.198952,12.766967
27.948542,14.285124
3.724999,13.229112
2.892102,12.195411
2.049198,11.180790
19.438417,12.006553
61.302250,16.936123
1.692174,15.411728
6.429033,14.513458
4.552753,13.517387
9.669697,13.132618
13.024755,13.121832
1.914837,12.001132
3.145516,11.115570
3.167672,10.320780
2.824396,9.571141
2.342970,8.848324
3.418710,8.305363
29.642401,10.439067
6.319017,10.027061
9.552955,9.979650
2.376848,9.219370
4.255837,8.723017
13.577739,9.208488
6.501281,8.937768
4.193990,8.463390
68.052055,14.422256
2.342103,13.214241
27.491806,14.641997
1.300146,13.307813
10.053749,12.982407
13.868938,13.071060
6.234509,12.387405
58.713230,17.019987
9.554040,16.273392
2.011595,14.847212
25.631647,15.925655
1.170080,14.450098
6.284359,13.633524
70.197876,19.289959
1.313124,17.492275
5.062768,16.249325
15.174750,16.141867
1.263827,14.654063
7.606112,13.949268
6.094692,13.163811
15.944302,13.441860
6.678214,12.765495
5.160361,12.004982
11.653705,11.969854
13.336075,12.106477
2.182994,11.114128
122.831238,22.285839
10.075263,21.064781
5.842557,19.542559
59.108799,23.499184
97.743187,30.923584
42.135849,32.044811
1.173695,28.957699
1.419025,26.203831
4.445800,24.028028
1.633703,21.788595
1.016842,19.711420
1.236738,17.863953
5.458524,16.623409
38.187702,18.779839
6.401066,17.541962
12.453856,17.033152
0.947303,15.424567
7.098977,14.592009
4.310328,13.563841
7.233821,12.930839
24.148661,14.052621
14.210406,14.068399
2.347427,12.896302
44.552994,16.061972
8.522552,15.308030
1.157529,13.892980
3.723282,12.876010
1.572319,11.745641
7.331789,11.304255
10.323174,11.206147
17.552164,11.840749
4.381734,11.094848
2.183506,10.203713
49.560078,14.139350
5.415263,13.266941
9.816282,12.921875
0.923803,11.722068
2.469037,10.796764
6.353741,10.352462
19.244188,11.241634
1.683715,10.285843
3.833614,9.640620
133.449280,22.021486
33.644920,23.183830
27.548029,23.620251
2.901627,21.548388
44.129841,23.806534
3.711031,21.796984
2.024351,19.819721
5.175421,18.355291
5.519316,17.071693
2.239223,15.588447
1.222055,14.151808
11.043487,13.840976
1.431335,12.600012
3.267181,11.666729
7.616806,11.261737
9.405536,11.076117
1.289861,10.097491
1.229341,9.210676
1.552853,8.444894
11.648419,8.765246
1.212030,8.009925
19.323814,9.141314
8.526681,9.079850
16.623671,9.834232
0.729046,8.923714
0.860591,8.117401
3.986843,7.704345
19.477140,8.881625
23.242323,10.317695
14.320496,10.717975
16.881758,11.334352
2.328237,10.433741
0.820434,9.472410
293.069122,37.832081
500.558746,84.104744
19.446333,77.638901
7.205214,70.595535
7.274509,64.263435
3.817808,58.218872
2.412183,52.638203
1.295380,47.503922
48.874054,47.640934
2.297834,43.106625
1.702952,38.966259
17.831337,36.852768
6.970243,33.864517
1.417624,30.619827
1.352349,27.693079
30.147650,27.938536
0.817513,25.226433
0.962571,22.800047
1.600874,20.680130
10.874698,19.699587
16.925388,19.422167
1.697029,17.649652
75.086044,23.393291
6.402912,21.694254
357.094452,55.234272
1.053048,49.816151
6.637463,45.498283
2.919552,41.240410
21.070490,39.223419
7.653698,36.066448
2.358961,32.695698
1.490924,29.575220
1.385804,26.756279
2.082412,24.288893
6.698439,22.529848
10.750161,21.351879
2.522133,19.468904
13.881454,18.910160
28.841715,19.903316
1.051959,18.018181
1.290748,16.345438
240.027939,38.713688
2.564695,35.098789
3.599492,31.948860
7.262355,29.480209
8.297844,27.361973
9.399788,25.565754
3.842451,23.393423
10.093473,22.063429
1.139194,19.971004
16.987932,19.672697
2.583132,17.963741
1.122215,16.279589
0.923314,14.743961
1.115132,13.381079
10.330916,13.076062
36.958241,15.464280
2.184195,14.136271
11.715485,13.894193
9376.085938,950.113342
1.022922,855.204285
5.787479,770.262634
13.712406,694.607605
1.002606,625.247131
215.524841,584.274902
6.674070,526.514832
170.445755,490.907928
1.578759,441.975006
4.012247,398.178741
7086.115234,1066.972412
1.273136,960.402466
1973.464844,1061.708740
5.130728,956.050964
1.406186,860.586487
252.297058,799.757568
4.007143,720.182556
2.481131,648.412415
1.024046,583.673584
125.315269,537.837769
1.864447,484.240448
255.797974,461.396210
4.049527,415.661530
3.276146,374.423004
6.680138,337.648712
4.820116,304.365845
7.146350,274.643890
3121.953125,559.374817
4.632552,503.900604
2571.465820,710.657104
3754.294678,1015.020874
1.338365,913.652649
0.950200,822.382385
1.679472,740.312073
33.517738,669.632629
42.607307,606.930115
36.049129,549.842041
4.652132,495.323059
3.991943,446.189941
78.729469,409.443909
255.210770,394.020599
4704.552246,825.073792
2.334527,742.799866
46.343075,673.154175
1.423014,605.981079
2.189821,545.601929
1.517421,491.193481
40.610043,446.135132
100.805573,411.602173
2.023745,370.644318
16.823120,335.262207
1615.171265,463.253113
1.629009,417.090698
99.539284,385.335571
274.951691,374.297180
693.003845,406.167847
1.236929,365.674744
585.998657,387.707123
7.092812,349.645691
162.653152,330.946442
2083.264648,506.178253
12.003705,456.760803
4760.433105,887.128052
