2459.814209,2459.814209
2388.137451,2452.646484
2502.394287,2457.621338
2484.530762,2460.312256
2427.051758,2456.986328
2442.127197,2455.500488
2447.733643,2454.723877
2463.380371,2455.589600
2517.848877,2461.815430
2436.642822,2459.298096
2225.447510,2435.913086
2108.736328,2403.195312
2222.472412,2385.123047
2189.847412,2365.595459
2193.702148,2348.406250
2198.213623,2333.386963
2170.004395,2317.048828
2137.162109,2299.060059
2202.573242,2289.411377
2197.242432,2280.194580
1932.776978,2245.452881
1963.078003,2217.215332
1943.971069,2189.890869
1991.287109,2170.030518
1960.395508,2149.066895
1926.621948,2126.822510
1986.385376,2112.778809
1916.734985,2093.174316
1900.753906,2073.932373
1959.737427,2062.512939
1702.928223,2026.554443
1729.162476,1996.815186
1695.164429,1966.650146
1701.246216,1940.109741
1724.156860,1918.514404
1741.587036,1900.821655
1703.668579,1881.106323
1718.083496,1864.804077
1696.154175,1847.939087
1703.228516,1833.468018
1091.644653,1759.285645
1098.372070,1693.194336
1086.696167,1632.544556
1091.867432,1578.476807
1092.945190,1529.923584
1092.359375,1486.167114
1086.069824,1446.157349
1090.324097,1410.573975
1090.314575,1378.548096
1100.106567,1350.703979
1662.067871,1381.840332
1638.955933,1407.551880
1684.418457,1435.238525
1665.824097,1458.297119
1655.021484,1477.969604
1668.565552,1497.029175
1652.606934,1512.586914
1637.498413,1525.078125
1632.793823,1535.849731
1645.912109,1546.855957
1429.952271,1535.165527
1407.975586,1522.446533
1418.655640,1512.067383
1379.377808,1498.798462
1393.333862,1488.251953
1355.622925,1474.989014
1367.633179,1464.253418
1349.866699,1452.814697
1351.314209,1442.664673
1331.023560,1431.500610
1925.778931,1480.928467
1933.398804,1526.175537
1846.020508,1558.160034
1862.295288,1588.573608
1879.813965,1617.697632
1839.955444,1639.923462
1834.089844,1659.340088
1794.161743,1672.822266
1782.584473,1683.798462
1776.728882,1693.091553
741.690979,1597.951538
732.927063,1511.449097
763.525208,1436.656738
700.484558,1363.039551
676.432617,1294.378906
660.575256,1230.998535
644.356079,1172.334229
639.836548,1119.084473
628.191589,1069.995239
629.500610,1025.945801
605.100037,983.861206
600.326599,945.507751
570.407349,907.997681
605.987854,877.796692
593.403687,849.357422
548.566956,819.278381
551.298523,792.480408
516.746643,764.907043
552.845703,743.700928
497.917633,719.122620
746.731262,721.883484
657.918213,715.486938
646.013245,708.539551
607.895935,698.475220
611.387878,689.766479
621.921143,682.981934
569.115295,671.595276
553.981140,659.833862
547.406311,648.591125
511.461517,634.878174
883.345459,659.724915
816.436279,675.396057
788.470154,686.703491
743.229919,692.356140
708.608398,693.981384
684.623108,693.045532
680.797974,691.820801
617.803162,684.419067
552.168518,671.194031
538.882202,657.962830
658.156799,657.982239
623.478699,654.531860
554.156799,644.494385
532.739197,633.318848
430.251984,613.012146
423.107086,594.021667
367.493073,571.368835
340.118988,548.243835
312.228607,524.642334
295.085449,501.686646
76.237801,459.141754
66.874664,419.915039
64.287727,384.352295
59.110870,351.828156
62.784634,322.923798
62.195251,296.850952
45.888260,271.754669
75.863159,252.165512
41.435059,231.092468
94.339561,217.417175
44.627258,200.138184
39.204197,184.044785
59.728298,171.613129
35.606323,158.012451
34.432842,145.654495
27.767065,133.865753
46.163670,125.095543
39.632938,116.549286
26.949684,107.589325
54.515064,102.281898
79.823547,100.036064
71.050316,97.137489
70.079582,94.431702
67.373734,91.725906
74.457527,89.999069
56.955307,86.694695
65.108795,84.536102
59.568050,82.039299
56.132488,79.448616
48.932175,76.396973
45.725113,73.329788
45.314899,70.528297
45.515442,68.027008
28.400475,64.064354
35.672714,61.225189
49.653606,60.068031
52.953323,59.356560
41.532406,57.574142
31.623037,54.979031
19.587763,51.439903
19.447517,48.240665
31.171824,46.533783
18.014061,43.681812
41.406010,43.454231
26.411020,41.749908
27.423325,40.317249
13.230927,37.608616
65.778542,40.425610
20.029305,38.385979
15.392604,36.086639
11.619151,33.639889
22.320204,32.507919
9.387200,30.195847
18.154137,28.991676
26.482103,28.740719
15.529473,27.419594
14.582799,26.135914
22.186872,25.741009
24.436190,25.610527
12.882465,24.337721
9.818295,22.885778
24.959967,23.093197
27.937475,23.577625
6.584389,21.878302
25.337204,22.224192
7.326855,20.734459
27.997736,21.460787
6.727175,19.987425
26.773962,20.666079
5.299489,19.129419
32.999630,20.516441
12.361745,19.700972
26.216837,20.352558
3.942518,18.711554
36.889290,20.529327
4.871529,18.963547
4.424396,17.509632
8.217351,16.580404
3.774060,15.299769
13.979518,15.167745
28.586226,16.509592
12.010039,16.059637
3.572675,14.810941
29.819321,16.311779
15.362531,16.216854
5.362209,15.131390
9.704476,14.588698
15.594398,14.689268
35.058914,16.726233
5.377785,15.591388
15.130772,15.545326
7.133472,14.704141
6.162289,13.849956
7.170317,13.181992
12.046669,13.068460
3.262895,12.087903
54.532581,16.332371
9.638116,15.662945
8.892791,14.985929
3.435642,13.830901
9.910518,13.438863
5.078659,12.602842
3.154212,11.657979
49.093502,15.401531
3.954350,14.256813
17.479519,14.579083
33.365726,16.457748
9.450126,15.756987
14.249934,15.606281
3.222925,14.367946
25.853170,15.516468
8.961804,14.861002
13.838092,14.758711
11.516465,14.434486
11.579658,14.149004
93.195518,22.053656
3.285591,20.176849
50.834122,23.242577
8.142952,21.732615
23.525900,21.911943
4.894020,20.210152
12.126633,19.401800
20.744385,19.536058
3.149256,17.897379
11.654613,17.273102
11.308860,16.676678
15.181316,16.527142
5.832723,15.457700
2.508821,14.162812
21.577131,14.904244
5.053990,13.919219
4.870613,13.014359
5.093295,12.222252
2.745086,11.274535
5.469387,10.694020
58.245228,15.449142
23.347420,16.238970
21.713903,16.786463
3.788756,15.486692
3.565639,14.294587
59.469753,18.812103
5.160341,17.446926
23.880304,18.090263
5.315606,16.812798
3.825304,15.514049
33.495255,17.312170
33.012775,18.882231
2.648693,17.258877
18.659811,17.398970
3.393883,15.998461
8.726209,15.271235
79.350365,21.679148
62.077244,25.718958
9.024137,24.049477
8.258739,22.470404
43.949230,24.618286
2.979900,22.454447
35.836971,23.792700
3.389001,21.752331
8.852262,20.462324
29.017740,21.317865
73.947044,26.580784
2.350484,24.157753
7.883923,22.530371
14.564881,21.733822
7.370373,20.297478
14.174816,19.685211
5.796999,18.296391
6.209282,17.087679
5.335493,15.912460
10.424062,15.363621
7.911648,14.618423
3.053902,13.461971
23.667046,14.482479
17.791746,14.813406
8.862050,14.218270
19.385391,14.734982
4.341257,13.695610
2.367490,12.562798
5.400225,11.846540
17.090403,12.370927
2.526097,11.386444
2.459284,10.493728
4.386582,9.883013
12.350105,10.129722
45.589680,13.675717
2.201194,12.528265
8.809726,12.156411
5.918964,11.532666
4.280588,10.807459
12.235929,10.950306
6.712479,10.526524
10.387632,10.512634
15.719483,11.033319
5.071872,10.437175
10.911339,10.484591
8.046936,10.240826
12.268669,10.443610
3.864412,9.785690
16.426353,10.449757
26.444540,12.049235
2.763885,11.120701
22.086462,12.217277
1.927927,11.188342
2.429635,10.312471
6.884833,9.969707
2.782928,9.251030
16.549120,9.980839
16.547922,10.637547
11.264272,10.700220
34.671001,13.097299
2.851160,12.072684
2.375807,11.102997
2.130962,10.205793
15.445802,10.729795
8.875390,10.544354
5.167638,10.006682
8.290000,9.835014
9.512166,9.802730
68.927620,15.715219
1.882100,14.331906
12.893635,14.188079
8.264340,13.595705
8.686851,13.104819
7.533041,12.547642
4.746423,11.767520
5.259861,11.116754
8.468102,10.851889
2.778846,10.044584
4.770831,9.517209
3.940177,8.959506
18.689932,9.932549
11.424066,10.081700
30.296343,12.103165
4.878038,11.380652
12.184560,11.461043
3.891345,10.704074
14.371884,11.070855
5.282634,10.492033
5.478573,9.990687
4.482866,9.439905
9.707916,9.466706
4.555245,8.975560
5.426984,8.620703
2.181965,7.976829
26.490316,9.828177
2.849218,9.130281
7.458815,8.963135
17.504147,9.817236
8.704865,9.705999
5.893017,9.324701
2.510385,8.643270
10.626698,8.841612
1.992060,8.156656
19.371714,9.278162
2.531157,8.603461
3.656708,8.108786
2.176605,7.515568
14.765499,8.240561
14.126045,8.829109
5.467478,8.492946
4.604071,8.104058
6.620949,7.955747
5.295239,7.689696
22.674566,9.188183
3.923738,8.661738
1.924230,7.987988
6.245125,7.813701
6.123653,7.644696
6.891075,7.569334
4.304418,7.242842
2.295754,6.748133
8.029761,6.876296
1.894012,6.378067
14.825966,7.222857
21.599020,8.660474
23.822798,10.176706
8.222021,9.981237
1.627031,9.145817
5.730604,8.804296
1.757925,8.099658
2.235076,7.513200
21.305672,8.892447
1.406033,8.143806
27.329382,10.062363
13.197080,10.375834
11.437177,10.481969
12.926555,10.726427
13.313698,10.985154
1.881712,10.074810
11.503282,10.217657
31.152466,12.311138
1.463053,11.226330
14.768909,11.580587
27.293884,13.151917
1.941945,12.030920
5.617479,11.389576
4.925792,10.743197
13.242400,10.993117
5.768120,10.470617
7.037809,10.127337
10.641004,10.178703
2.122601,9.373093
12.884366,9.724220
1.267810,8.878579
3.271809,8.317902
8.175309,8.303642
10.573923,8.530670
27.925913,10.470195
1.795994,9.602775
1.699659,8.812463
10.693912,9.000607
11.999646,9.300511
3.964082,8.766869
4.907749,8.380957
28.403954,10.383256
2.234578,9.568388
28.486366,11.460186
11.387994,11.452967
9.844652,11.292135
11.197194,11.282641
8.134320,10.967810
15.442001,11.415229
9.330769,11.206783
8.929023,10.979008
4.766498,10.357757
2.941495,9.616131
5.902020,9.244720
1.377880,8.458035
8.487922,8.461024
14.732693,9.088191
2.100953,8.389467
1.959002,7.746421
6.972248,7.669003
13.079720,8.210075
14.825854,8.871654
1.050332,8.089521
1.087588,7.389328
16.335600,8.283956
1.073947,7.562955
2.332188,7.039878
1.913148,6.527205
7.331041,6.607589
12.583694,7.205200
4.637829,6.948462
19.919291,8.245545
1.176942,7.538685
21.735056,8.958322
43.155640,12.378054
2.528168,11.393065
23.977793,12.651538
16.020027,12.988387
1.556153,11.845163
10.053145,11.665961
18.989136,12.398279
9.131997,12.071651
15.209545,12.385441
1.656173,11.312514
8.149911,10.996254
1.665246,10.063153
1.651368,9.221974
2.705653,8.570342
5.609915,8.274300
9.635236,8.410393
2.394967,7.808850
11.307873,8.158752
27.589142,10.101791
13.219327,10.413545
15.371841,10.909374
4.382452,10.256682
4.517858,9.682800
5.092566,9.223777
3.182604,8.619659
3.076887,8.065382
11.183468,8.377191
99.937309,17.533203
8.049581,16.584841
1.162773,15.042634
2.337962,13.772167
7.920511,13.187001
1.957420,12.064043
3.740172,11.231656
82.363899,18.344881
71.069382,23.617331
2.155520,21.471149
40.581234,23.382158
20.789629,23.122906
2.892000,21.099815
12.948344,20.284668
1.533241,18.409525
16.043030,18.172876
6.341703,16.989759
4.690815,15.759865
9.578876,15.141766
15.832728,15.210862
1.545612,13.844337
1.318413,12.591745
71.273994,18.459970
1.693757,16.783350
3.611595,15.466174
1.788097,14.098367
4.539110,13.142441
3.429066,12.171103
11.148236,12.068817
4.038311,11.265766
0.950278,10.234218
1.004803,9.311276
1.861253,8.566274
1.138077,7.823454
9.782359,8.019344
2.415573,7.458967
2.236297,6.936700
5.591095,6.802140
1.448788,6.266805
39.831955,9.623320
5.291192,9.190107
1.173653,8.388462
9.959556,8.545571
3.631759,8.054190
1.217201,7.370491
3.623434,6.995785
37.389900,10.035196
1.985474,9.230224
34.520176,11.759219
3.609281,10.944225
34.621754,13.311978
7.571164,12.737897
1.089893,11.573096
0.600962,10.475883
4.197404,9.848035
5.844477,9.447680
88.644569,17.367369
3.574347,15.988067
0.945476,14.483808
2.509070,13.286334
3.347039,12.292404
1.811739,11.244338
1.138085,10.233713
2.490973,9.459439
26.957176,11.209213
3.279974,10.416289
1.649221,9.539582
1.274794,8.713103
8.251204,8.666913
1.708649,7.971087
28.777380,10.051716
8.168991,9.863443
25.338869,11.410986
2.400712,10.509958
1.957507,9.654713
1.461250,8.835366
9.620158,8.913845
1.838118,8.206272
41.626759,11.548321
2.467572,10.640245
1.138239,9.690044
6.186161,9.339656
5.514294,8.957120
5.156295,8.577038
1.634733,7.882807
2.966461,7.391172
7.198970,7.371952
21.347967,8.769553
25.974951,10.490093
3.495927,9.790676
2.698011,9.081409
2.017792,8.375048
1.092289,7.646772
1.522503,7.034345
81.053062,14.436217
31.515375,16.144133
1.261851,14.655905
1.768458,13.367160
198.175964,31.848040
7.091050,29.372341
6.320021,27.067110
72.862389,31.646637
5.437668,29.025740
13.199069,27.443073
6.629345,25.361700
215.676773,44.393208
4.635129,40.417400
0.848023,36.460464
2.846022,33.099022
1.406998,29.929819
1.037754,27.040613
22.579668,26.594519
3.083490,24.243416
0.985724,21.917646
44.754959,24.201378
0.907201,21.871960
26.219467,22.306711
3.539462,20.429987
29.614313,21.348419
14.311507,20.644728
19.829672,20.563223
0.992555,18.606155
2.509956,16.996536
3.295362,15.626419
3.309139,14.394691
1.092711,13.064493
5.949582,12.353002
114.440582,22.561760
3.451273,20.650711
0.921544,18.677794
0.765057,16.886520
5.319678,15.729836
22.919884,16.448841
2.126419,15.016599
2.096978,13.724637
5.917899,12.943963
2.218823,11.871449
16.313082,12.315613
1.028383,11.186890
1.533291,10.221530
44.965191,13.695896
42.206173,16.546925
1.270297,15.019261
9.835982,14.500934
9.904490,14.041289
7.075357,13.344696
3.339362,12.344163
3.719674,11.481714
1.546209,10.488164
28.969442,12.336292
9.665445,12.069207
0.972756,10.959562
1.309870,9.994593
1.455754,9.140709
8.728729,9.099511
1.789599,8.368520
1.080544,7.639722
1.792418,7.054992
6.761347,7.025627
19.396967,8.262761
3.005518,7.737037
8.175467,7.780880
3.219783,7.324770
3.625809,6.954875
2.257314,6.485118
4.457953,6.282402
33.903259,9.044488
3.294971,8.469536
0.983229,7.720905
1.218223,7.070637
46.435307,11.007104
47.330963,14.639490
2.191247,13.394666
7.698543,12.825053
3.239773,11.866525
1.141111,10.793983
2.319814,9.946567
11.054845,10.057394
0.733833,9.125038
9.024140,9.114948
1.345099,8.337963
6.486658,8.152833
1.235487,7.461098
1.695816,6.884570
9.016551,7.097768
0.902695,6.478261
2.078032,6.038238
1.204852,5.554900
4.584468,5.457857
8.735562,5.785627
1.046093,5.311674
1.695971,4.950104
7.213308,5.176424
3.941795,5.052961
18.609365,6.408602
0.885713,5.856313
3.161283,5.586810
9.147430,5.942872
1.422224,5.490807